1.000 0.789 0.544 0.617 0.487 0.574 0.573 0.651 0.502 0.647 0.672 0.564 0.613 0.708 0.580 0.631 0.547 0.624 0.612 0.593 0.616 
0.789 1.000 0.512 0.600 0.486 0.582 0.562 0.609 0.549 0.599 0.632 0.508 0.610 0.658 0.568 0.674 0.544 0.672 0.590 0.560 0.616 
0.544 0.512 1.000 0.531 0.626 0.505 0.538 0.581 0.527 0.553 0.555 0.519 0.560 0.539 0.567 0.520 0.639 0.508 0.593 0.537 0.542 
0.617 0.600 0.531 1.000 0.609 0.639 0.593 0.552 0.627 0.795 0.736 0.586 0.599 0.601 0.530 0.639 0.562 0.647 0.598 0.657 0.589 
0.487 0.486 0.626 0.609 1.000 0.616 0.535 0.536 0.615 0.577 0.600 0.544 0.574 0.522 0.513 0.542 0.610 0.554 0.644 0.566 0.562 
0.574 0.582 0.505 0.639 0.616 1.000 0.583 0.555 0.630 0.662 0.607 0.624 0.673 0.556 0.522 0.623 0.547 0.647 0.713 0.629 0.567 
0.573 0.562 0.538 0.593 0.535 0.583 1.000 0.584 0.651 0.569 0.559 0.572 0.561 0.562 0.526 0.578 0.608 0.562 0.615 0.560 0.576 
0.651 0.609 0.581 0.552 0.536 0.555 0.584 1.000 0.554 0.566 0.607 0.542 0.571 0.593 0.579 0.622 0.648 0.568 0.660 0.549 0.553 
0.502 0.549 0.527 0.627 0.615 0.630 0.651 0.554 1.000 0.599 0.563 0.527 0.688 0.543 0.506 0.573 0.593 0.556 0.667 0.566 0.537 
0.647 0.599 0.553 0.795 0.577 0.662 0.569 0.566 0.599 1.000 0.749 0.640 0.607 0.655 0.541 0.674 0.572 0.666 0.635 0.731 0.674 
0.672 0.632 0.555 0.736 0.600 0.607 0.559 0.607 0.563 0.749 1.000 0.573 0.578 0.641 0.571 0.690 0.548 0.584 0.571 0.754 0.636 
0.564 0.508 0.519 0.586 0.544 0.624 0.572 0.542 0.527 0.640 0.573 1.000 0.509 0.552 0.538 0.595 0.641 0.613 0.601 0.659 0.650 
0.613 0.610 0.560 0.599 0.574 0.673 0.561 0.571 0.688 0.607 0.578 0.509 1.000 0.592 0.558 0.633 0.522 0.599 0.718 0.585 0.563 
0.708 0.658 0.539 0.601 0.522 0.556 0.562 0.593 0.543 0.655 0.641 0.552 0.592 1.000 0.569 0.599 0.567 0.571 0.588 0.691 0.623 
0.580 0.568 0.567 0.530 0.513 0.522 0.526 0.579 0.506 0.541 0.571 0.538 0.558 0.569 1.000 0.531 0.520 0.521 0.533 0.554 0.527 
0.631 0.674 0.520 0.639 0.542 0.623 0.578 0.622 0.573 0.674 0.690 0.595 0.633 0.599 0.531 1.000 0.593 0.633 0.663 0.646 0.685 
0.547 0.544 0.639 0.562 0.610 0.547 0.608 0.648 0.593 0.572 0.548 0.641 0.522 0.567 0.520 0.593 1.000 0.574 0.643 0.547 0.566 
0.624 0.672 0.508 0.647 0.554 0.647 0.562 0.568 0.556 0.666 0.584 0.613 0.599 0.571 0.521 0.633 0.574 1.000 0.649 0.590 0.694 
0.612 0.590 0.593 0.598 0.644 0.713 0.615 0.660 0.667 0.635 0.571 0.601 0.718 0.588 0.533 0.663 0.643 0.649 1.000 0.600 0.627 
0.593 0.560 0.537 0.657 0.566 0.629 0.560 0.549 0.566 0.731 0.754 0.659 0.585 0.691 0.554 0.646 0.547 0.590 0.600 1.000 0.634 
0.616 0.616 0.542 0.589 0.562 0.567 0.576 0.553 0.537 0.674 0.636 0.650 0.563 0.623 0.527 0.685 0.566 0.694 0.627 0.634 1.000 
